81
1
1
1
2
0
1
1
2
3
3
81
2
3
3
2
2
4
5
6
81
81
1
81
81
3
2
81
81
81
81
4
81
5
81
81
6
81
1
1
3
3
3
3
3
3
3
3
3
3
3
3
3
3
3
3
3
81
2
4
12
5
81
81
81
6
81
81
2
4
12
5
81
81
81
6
81
81
2
4
12
5
81
81
81
6
81
81
2
5
2
81
4
12
81
1
81
81
3
81
2
6
81
81
81
7
81
81
81
8
81
9
13
10
81
81
81
11
81
81
2
4
12
5
81
81
81
6
81
81
2
4
12
5
81
81
81
6
81
81
2
5
2
81
4
12
81
1
81
81
3
81
2
6
81
81
81
7
81
81
81
8
81
9
13
10
81
81
81
11
81
81
2
5
2
81
4
12
6
81
1
3
81
2
81
81
4
1
0
1
1
3
3
4
4
4
81
81
5
81
81
81
6
12
7
10
81
8
9
81
10
7
81
81
11
81
13
13
13
81
81
81
14
14
15
0
14
16
81
15
81
16
16
17
18
81
81
81
81
19
20
21
21
18
5
81
81
22
55
22
23
81
81
24
81
25
57
25
26
81
81
81
27
81
81
2
5
2
81
4
12
81
1
81
81
3
81
2
6
81
81
81
7
81
81
81
8
81
9
13
10
81
81
81
11
81
81
2
5
2
81
4
12
81
1
81
81
3
81
2
6
81
81
81
7
81
81
81
8
81
9
13
10
81
81
81
11
81
28
7
28
81
1
81
1
81
1
81
2
3
81
4
1
110
1
1
3
3
81
1
1
30
1
1
3
81
3
29
30
30
3
31
32
33
33
33
34
35
81
36
37
81
81
38
81
81
1
81
1
81
2
3
81
4
1
35
1
1
3
3
81
1
1
34
1
1
3
81
3
34
3
36
37
38
38
38
39
40
81
41
42
81
81
43
81
81
1
81
1
81
2
3
81
4
1
40
1
1
3
3
81
1
1
39
1
1
81
3
39
3
41
42
43
43
43
44
45
81
46
47
81
81
48
81
81
1
81
1
81
2
3
81
4
1
45
1
1
3
3
81
1
1
44
1
1
3
81
3
44
3
46
47
48
48
48
49
50
81
51
52
81
81
53
81
81
1
81
1
81
2
3
81
4
1
50
1
1
3
81
1
1
49
1
1
3
3
81
3
49
3
51
52
52
52
52
52
81
53
54
81
81
58
81
81
1
1
1
1
1
1
1
1
1
45
1
1
1
1
9
1
81
81
2
4
5
5
5
5
6
81
81
81
81
12
12
12
81
7
81
8
81
9
81
81
1
81
81
7
81
81
8
10
9
11
15
13
13
81
81
81
14
16
81
7
8
18
9
81
81
81
10
81
11
10
19
19
22
19
81
81
20
81
81
81
17
11
13
16
81
14
15
81
23
23
81
81
24
81
55
55
55
81
81
81
25
25
26
44
25
27
81
26
56
81
27
27
31
57
81
81
81
81
28
29
50
50
57
20
81
81
32
37
32
33
81
81
36
81
81
1
81
81
1
3
1
1
1
1
1
1
1
45
1
1
1
1
2
1
1
2
6
81
81
81
81
12
12
12
81
7
81
8
81
9
81
81
1
81
81
7
81
81
8
10
9
11
15
13
13
81
81
81
14
16
81
7
81
81
10
18
2
5
2
2
2
5
2
19
23
19
20
81
81
81
17
81
22
24
24
26
24
81
81
55
81
81
81
25
20
17
24
81
22
23
81
27
27
81
81
57
81
28
28
28
81
81
81
29
29
31
44
29
32
81
31
56
81
32
32
38
33
81
81
81
81
36
37
50
50
33
55
81
81
41
46
41
42
81
81
43
81
81
1
1
1
1
1
1
1
1
1
45
1
1
1
2
1
81
81
4
7
81
1
81
81
3
81
2
6
81
81
4
5
81
81
81
6
81
12
12
8
8
11
8
81
81
9
81
81
81
10
7
8
11
81
9
10
81
13
13
81
81
14
81
15
15
15
81
81
81
16
16
18
44
16
19
81
18
56
81
19
19
23
20
81
81
81
81
17
22
50
50
20
9
81
81
24
26
24
55
81
81
25
81
81
1
81
81
1
3
1
1
1
1
1
1
1
45
1
1
1
2
1
1
4
4
7
4
5
81
81
81
6
81
12
8
8
11
8
81
81
9
81
81
81
10
5
6
8
81
12
7
81
13
13
81
81
14
81
15
15
15
81
81
81
16
16
18
44
16
19
81
18
56
81
19
19
23
20
81
81
81
81
17
22
50
50
20
9
81
81
24
26
24
55
81
81
25
81
81
1
1
1
1
1
1
1
1
1
45
1
1
1
1
2
1
1
2
81
81
2
5
2
81
4
7
81
1
81
81
3
81
2
6
81
81
4
5
81
81
81
6
81
12
12
8
8
11
8
81
81
9
81
81
81
10
7
8
11
81
9
10
81
13
13
81
81
14
81
15
15
15
81
81
81
16
16
18
44
16
19
81
18
56
81
19
19
23
20
81
81
81
81
17
22
50
50
20
9
81
81
24
26
24
55
81
81
25
81
81
1
81
81
1
3
1
1
1
1
1
1
1
45
1
1
1
1
2
1
4
81
4
7
6
4
5
81
81
81
6
81
12
12
8
8
11
8
81
81
9
81
81
81
10
7
8
11
81
9
10
81
13
13
81
81
14
81
15
15
15
81
81
81
16
16
18
44
16
19
81
18
56
81
19
19
23
20
81
81
81
81
17
22
50
50
20
9
81
81
24
26
24
55
81
81
25
81
81
1
1
1
1
1
1
1
1
1
45
1
1
1
1
2
1
1
2
81
81
2
5
2
81
4
7
81
1
81
81
3
81
2
6
81
81
4
5
81
81
81
6
81
12
12
8
8
11
8
81
81
9
81
81
81
10
7
8
11
81
9
10
81
13
13
81
81
14
81
15
15
15
81
81
81
16
16
18
44
16
19
81
18
56
81
19
19
23
20
81
81
81
81
17
22
50
50
20
9
81
81
24
26
24
55
81
81
25
81
81
1
1
1
1
1
1
1
1
1
45
1
1
1
1
2
1
1
4
81
81
2
5
2
81
4
7
81
1
81
81
3
81
2
6
81
81
4
5
81
81
81
6
81
12
12
8
8
11
8
81
81
9
81
81
81
10
7
8
11
81
9
10
81
13
13
81
81
14
81
15
15
15
81
81
81
16
16
18
44
16
19
81
18
56
81
19
19
23
20
81
81
81
81
17
22
50
50
20
9
81
81
24
26
24
55
81
81
25
81
47
81
1
1
1
1
1
1
1
1
1
49
1
1
1
1
1
4
81
3
48
3
81
81
81
81
2
3
81
3
81
3
81
3
81
3
81
3
81
3
81
3
81
2
81
4
81
5
6
81
81
12
51
51
51
51
81
52
53
81
81
54
81
53
53
53
54
53
53
54
58
53
58
59
53
53
60
53
53
60
81
58
58
81
61
81
62
62
62
62
81
2
2
63
81
1
1
1
1
1
1
1
1
1
1
54
58
61
78
62
64
65
66
65
66
67
81
66
68
81
69
69
66
66
66
71
121
71
71
71
120
121
70
81
68
81
69
69
66
66
66
71
121
71
71
71
120
121
70
60
60
60
60
60
60
60
60
54
54
59
60
59
60
59
59
59
72
73
59
59
59
59
59
74
61
61
74
74
61
62
75
76
75
76
77
77
77
78
78
79
79
79
80
79
80
79
79
79
80
81
1
1
80
80
82
82
82
81
1
81
3
81
83
82
117
81
117
84
84
118
85
85
79
119
119
86
86
116
87
87
77
75
89
88
88
75
72
76
76
88
72
89
73
90
90
74
90
90
73
73
92
91
91
73
90
90
92
93
53
122
122
94
94
0
95
95
96
0
97
97
114
98
98
99
115
56
56
0
100
100
101
0
102
102
0
103
103
104
0
105
105
0
106
106
107
0
108
108
0
109
109
81
29
110
110
110
110
110
110
110
110
110
110
0
111
111
111
111
111
111
111
111
111
111
0
0
0
112
112
16
81
81
81
81
1
15
81
3
81
81
81
16
81
0
81
1
1
1
1
3
81
81
1
1
1
1
81
81
1
1
1
1
81
81
1
1
1
1
81
81
1
1
1
1
81
81
1
1
1
1
81
81
1
1
1
1
81
81
1
1
1
1
3
81
81
1
1
1
1
3
81
81
1
1
1
1
3
81
81
1
1
1
1
3
81
18
19
113
20
81
81
81
81
0
81
1
81
3
81
83
82
117
81
117
84
84
118
85
85
79
119
119
86
86
116
87
87
77
75
89
88
88
75
72
76
76
88
72
89
73
90
90
74
90
90
73
73
92
91
91
73
90
90
92
93
53
122
122
94
94
0
95
95
96
0
97
97
49
114
114
114
114
114
114
114
114
98
98
98
98
98
98
98
98
99
115
115
99
115
115
99
115
115
99
115
115
99
115
115
99
115
115
99
115
115
99
115
115
27
81
81
81
81
32
81
81
81
81
19
81
81
81
81
19
81
81
81
81
19
81
81
81
81
19
81
81
81
81
19
81
81
81
81
19
81
81
81
81
81
1
26
81
3
81
81
81
27
81
0
81
1
31
81
3
81
81
81
32
81
0
81
1
18
81
3
81
81
81
19
81
0
81
1
18
81
3
81
81
81
19
81
0
81
1
18
81
3
81
81
81
19
81
0
81
1
18
81
3
81
81
81
19
81
0
81
1
18
81
3
81
81
81
19
81
0
81
1
18
81
3
81
81
81
19
81
0
3
3
81
1
1
1
1
1
1
81
3
81
1
1
1
1
1
1
81
3
3
81
1
1
1
1
1
1
81
3
81
1
81
81
1
3
1
1
1
1
3
3
81
1
1
1
1
1
1
2
81
3
81
1
1
1
1
1
1
2
81
3
3
81
1
1
1
1
1
1
2
81
3
81
1
81
81
1
3
1
1
1
1
2
3
3
81
1
1
1
1
1
1
2
81
3
81
1
1
1
1
1
1
2
81
3
3
81
1
1
1
1
1
1
1
2
81
3
81
1
81
81
1
3
1
1
1
1
1
2
3
3
81
1
1
1
1
1
1
1
2
81
3
81
1
1
1
1
1
1
1
2
81
3
3
81
1
1
1
1
1
1
1
2
81
3
81
1
1
1
1
1
1
1
2
81
3
3
81
1
1
1
1
1
1
81
3
81
1
1
1
1
1
1
81
3
57
28
100
29
81
81
81
81
81
81
81
3
33
36
100
37
81
81
81
3
20
17
100
22
81
81
81
3
20
17
100
22
81
81
81
3
20
17
100
22
81
81
81
3
20
17
100
22
81
81
81
3
20
17
100
22
81
81
81
3
20
17
100
22
81
81
81
3
101
0
0
82
81
81
83
80
81
84
83
83
83
81
81
117
5
0
6
81
3
2
81
1
81
81
81
3
81
81
1
81
81
81
81
1
81
81
81
2
4
81
81
5
4
81
5
6
12
81
7
81
81
3
2
81
1
81
81
81
3
81
81
1
81
81
81
81
1
81
81
81
2
4
81
81
5
4
81
5
6
12
81
4
3
5
81
118
3
2
3
2
3
2
3
2
3
2
3
2
3
2
3
2
3
2
3
2
3
2
3
2
3
2
3
2
3
2
3
2
3
2
3
2
7
8
3
2
3
2
3
2
3
2
3
2
3
2
3
2
3
2
81
1
12
7
1
1
81
3
3
81
81
4
6
81
81
81
3
2
3
2
3
2
3
2
3
2
3
2
3
2
3
2
3
2
3
2
3
2
3
2
3
2
3
2
3
2
3
2
3
2
3
2
3
2
3
2
3
2
3
2
3
2
3
2
3
2
3
2
3
2
4
5
81
81
81
81
2
81
81
3
3
3
3
3
3
3
3
3
3
3
3
3
3
3
3
3
3
3
3
3
3
3
3
3
3
3
10
4
11
13
81
1
74
81
77
81
1
1
92
81
81
1
1
90
81
79
60
81
1
81
2
3
3
2
116
2
2
2
74
82
81
4
5
5
6
6
6
12
12
12
12
12
12
116
77
83
79
7
82
116
80
84
117
118
85
86
119
119
116
116
116
87
88
87
87
87
87
87
87
75
88
89
72
76
73
81
90
81
3
3
81
2
91
92
81
93
81
1
1
117
81
81
1
1
84
81
81
1
82
81
83
80
81
84
81
3
3
81
2
118
117
81
85
74
81
1
1
84
81
81
1
1
80
81
77
77
83
81
1
79
81
82
83
81
80
81
3
3
81
2
117
84
81
118
74
74
81
78
78
81
77
81
1
1
80
81
79
82
81
82
81
3
83
81
81
81
77
81
1
1
80
81
79
81
3
83
81
2
2
4
4
81
5
81
84
84
117
117
81
118
81
74
74
81
78
78
81
77
81
1
1
80
81
79
82
81
82
81
3
83
81
81
81
77
81
1
1
80
81
79
81
3
83
81
2
2
4
4
81
5
81
84
84
117
117
81
118
81
54
54
54
77
83
54
54
54
62
54
62
54
54
77
54
54
54
62
54
62
54
54
77
81
1
58
81
61
81
1
1
84
81
81
1
1
80
1
81
62
82
81
1
81
2
3
3
2
120
2
2
2
58
78
81
4
5
5
6
6
6
12
12
12
12
12
12
120
61
63
62
7
78
120
64
65
68
69
66
71
121
121
120
120
120
70
67
70
70
70
70
70
70
59
67
74
77
79
83
81
80
81
3
3
81
2
117
84
81
118
81
4
5
81
94
122
81
1
58
81
61
81
62
58
81
61
61
62
62
62
78
63
78
78
78
64
63
65
81
62
58
81
61
61
62
62
62
78
63
78
78
78
64
63
65
81
74
81
58
58
78
61
81
81
81
81
1
81
81
62
78
61
61
81
81
81
62
63
81
64
65
79
82
77
81
79
79
62
82
81
1
81
2
3
3
2
120
2
2
2
58
78
81
4
5
5
6
6
6
12
12
12
12
12
12
120
61
63
62
7
78
120
64
65
68
69
66
71
121
121
120
120
120
70
67
70
70
70
70
70
70
59
67
74
77
79
83
81
80
81
81
1
1
118
1
81
82
84
84
84
84
117
81
81
1
1
118
1
81
82
82
117
81
81
1
1
118
1
81
83
117
81
81
1
1
118
1
81
83
117
81
3
3
81
2
81
4
3
4
2
81
5
5
81
81
81
81
81
81
6
5
5
81
81
81
81
81
81
6
12
81
7
8
81
85
85
81
86
81
119
85
119
86
81
116
116
81
81
81
81
81
81
87
116
116
81
81
81
81
81
81
87
88
81
75
89
81
81
1
58
81
61
81
62
58
81
61
61
62
62
62
78
63
78
78
78
64
63
65
81
62
58
81
61
61
62
62
62
78
63
78
78
78
64
63
65
81
74
81
58
58
78
61
81
81
81
81
1
81
81
62
78
61
61
81
81
81
62
63
81
64
65
79
82
77
81
79
79
62
82
81
1
81
2
3
3
2
120
2
2
2
58
78
81
4
5
5
6
6
6
12
12
12
12
12
12
120
61
63
62
7
78
120
64
65
68
69
66
71
121
121
120
120
120
70
67
70
70
70
70
70
70
59
67
74
77
79
83
81
80
81
81
1
1
118
1
81
82
84
84
84
84
117
81
81
1
1
118
1
81
82
82
117
81
81
1
1
118
1
81
83
117
81
81
1
1
118
1
81
83
117
81
3
3
3
3
81
2
81
4
81
2
81
4
5
5
81
81
81
81
81
81
6
5
5
81
81
81
81
81
81
6
12
81
7
8
81
85
85
85
85
81
86
81
119
81
86
81
119
116
116
81
81
81
81
81
81
87
116
116
81
81
81
81
81
81
87
88
81
75
89
81
81
1
1
80
1
81
81
1
1
1
81
81
1
81
3
3
81
2
84
80
81
117
81
1
1
1
95
1
81
81
96
