0
1
0
2
0
0
1
0
1
0
3
2
0
6
1
-1
0
1
1
-1
0
3
3
4
2
5
4
6
2
5
7
0
1
0
1
0
3
2
0
6
1
-1
0
1
1
-1
0
8
8
9
10
2
5
9
11
2
5
-1
12
13
-1
0
1
0
1
0
3
2
0
6
1
-1
0
1
1
-1
0
14
14
15
2
5
15
16
2
5
17
0
1
0
1
0
3
2
0
6
1
-1
0
1
1
-1
0
5
5
18
19
2
5
18
-1
2
5
-1
-1
20
-1
0
1
0
1
0
3
2
0
6
1
-1
0
1
1
-1
0
21
21
22
2
5
22
-1
2
5
-1
0
1
0
1
0
3
2
0
6
1
-1
0
1
1
-1
0
23
23
24
25
2
5
24
-1
2
5
-1
-1
26
-1
0
1
0
1
0
3
2
0
6
1
-1
0
1
1
-1
0
27
27
28
2
5
28
-1
2
5
-1
0
1
0
1
0
3
2
0
6
1
-1
0
1
1
-1
0
29
29
30
31
2
5
30
-1
2
5
-1
0
1
0
1
0
3
2
0
6
1
-1
0
1
1
-1
0
32
32
33
34
2
5
33
-1
2
5
-1
-1
35
-1
0
1
0
1
0
3
2
0
6
1
-1
0
1
1
-1
0
36
36
37
2
5
37
-1
2
5
-1
0
1
0
1
0
3
2
0
6
1
-1
0
1
1
-1
0
38
38
39
40
2
5
39
-1
2
5
-1
0
1
0
1
0
3
2
0
6
1
-1
0
1
1
-1
0
41
41
42
43
2
5
42
-1
2
5
-1
-1
-1
-1
-1
-1
0
0
1
0
1
0
3
2
0
6
1
-1
0
1
1
-1
0
-1
44
2
5
44
-1
2
5
-1
45
45
45
45
-1
46
0
1
0
-1
47
0
-1
48
46
47
-1
49
46
50
49
50
0
1
0
1
0
3
2
0
6
1
80
0
1
1
-1
0
51
52
2
5
52
-1
2
5
-1
53
53
53
53
-1
54
0
1
0
-1
55
0
-1
56
54
55
-1
57
54
58
57
58
0
1
0
1
0
3
2
0
6
1
74
0
1
1
-1
0
59
60
2
5
60
-1
2
5
-1
61
61
61
69
61
-1
0
1
62
62
0
0
0
2
0
1
0
2
62
0
0
63
0
3
8
0
1
0
2
6
0
0
7
0
64
64
0
1
0
2
62
0
65
65
65
66
67
67
67
0
3
6
0
0
7
6
7
68
0
63
69
0
0
64
0
63
69
0
0
64
0
1
0
2
3
3
6
0
68
68
0
0
1
0
2
0
-1
-1
-1
8
11
11
-1
-1
0
12
0
70
70
0
65
0
66
-1
71
71
14
16
17
17
17
17
17
17
17
17
17
17
17
17
17
17
17
17
17
17
17
17
17
17
17
17
17
17
17
17
17
17
-1
-1
-1
72
72
-1
73
73
60
59
-1
-1
74
74
-1
75
75
58
54
-1
0
-1
56
76
76
-1
77
77
-1
-1
78
78
-1
79
79
52
51
-1
-1
80
80
-1
81
81
50
46
-1
0
-1
48
82
82
-1
83
83
-1
-1
84
84
-1
85
85
44
-1
-1
-1
-1
86
86
-1
87
87
42
43
-1
-1
88
88
-1
89
89
39
40
-1
-1
90
90
-1
91
91
37
35
-1
-1
92
92
-1
93
93
33
34
-1
-1
94
94
-1
95
95
30
31
-1
-1
96
96
-1
97
97
28
26
-1
-1
98
98
-1
99
99
24
25
-1
-1
100
100
-1
101
101
22
20
-1
-1
102
102
-1
103
103
18
19
-1
-1
104
104
-1
105
105
15
13
-1
-1
106
106
-1
107
107
9
10
-1
-1
108
108
-1
109
109
4
-1
0
1
1
-1
0
0
1
1
-1
0
0
1
0
0
2
1
0
1
0
0
2
1
0
1
1
0
0
1
1
0
0
1
0
0
2
1
0
1
0
0
2
1
0
1
1
0
0
1
1
0
0
1
0
0
2
1
0
1
0
0
2
1
0
1
1
0
0
1
1
0
0
1
0
0
2
1
0
1
0
0
2
1
0
1
1
0
0
1
1
0
0
1
0
0
2
1
0
1
0
0
2
1
0
1
1
0
0
1
1
0
0
1
0
0
2
1
0
1
0
0
2
1
0
1
1
0
0
1
1
0
0
1
0
0
2
1
0
1
0
0
2
1
0
1
1
0
0
1
1
0
0
1
0
0
2
1
0
1
0
0
2
1
0
1
1
0
0
1
1
0
0
1
0
0
2
1
0
1
0
0
2
1
0
1
1
0
0
1
1
0
0
1
0
0
2
1
0
1
0
0
2
1
0
1
1
0
0
1
1
0
0
1
0
0
2
1
0
1
0
0
2
1
0
1
1
0
0
1
1
0
0
1
0
0
2
1
0
1
0
0
2
1
0
1
1
0
0
1
1
0
0
1
0
0
2
1
0
1
0
0
2
1
0
1
0
0
2
1
0
1
0
0
2
1
0
1
0
0
2
1
0
1
0
0
2
1
0
1
0
0
2
1
0
1
0
0
2
1
0
1
0
0
2
1
0
1
0
0
2
1
0
1
1
0
0
1
1
0
110
110
0
0
0
0
-1
7
