0
1
1
14
14
1
2
3
3
0
6
0
0
0
0
4
0
9
11
0
5
0
0
0
13
0
0
0
0
0
1
1
1
1
1
-1
-1
1
1
3
1
1
1
3
2
0
-1
6
6
7
8
0
0
4
4
0
0
1
2
0
3
0
0
1
6
1
1
1
1
-1
1
1
3
1
1
1
2
9
9
10
10
11
0
1
1
1
1
1
1
-1
1
1
3
1
1
1
2
0
0
1
1
1
1
1
1
-1
1
1
3
1
1
1
2
0
0
1
1
1
1
1
18
12
1
1
3
1
1
1
2
0
0
1
1
1
1
1
18
12
1
1
3
1
1
1
2
0
13
-1
0
0
2
0
1
0
1
5
5
5
5
5
5
5
14
-1
2
0
14
0
1
2
0
3
0
0
1
6
1
1
1
1
-1
1
1
3
1
1
1
2
14
14
14
15
14
16
-1
15
0
1
2
0
3
0
0
1
6
1
1
1
1
-1
1
1
3
1
1
1
2
16
0
1
1
1
1
1
1
-1
1
1
3
1
1
1
2
0
0
1
1
1
1
1
1
-1
1
1
3
1
1
1
2
0
0
1
1
1
1
1
21
17
1
1
3
1
1
1
2
0
0
1
1
1
1
1
21
17
1
1
3
1
1
1
2
0
18
-1
0
0
2
0
1
0
1
12
12
12
12
12
12
12
19
2
0
19
0
1
2
0
3
0
0
1
6
1
1
1
1
-1
1
1
3
1
1
1
2
19
19
15
20
15
21
21
18
0
1
1
1
1
1
1
292
1
1
3
1
1
1
2
0
0
1
1
1
1
1
1
292
1
1
3
1
1
1
2
0
0
1
1
1
1
1
29
22
1
1
3
1
1
1
2
0
0
1
1
1
1
1
29
22
1
1
3
1
1
1
2
0
17
23
17
-1
0
0
2
0
1
0
1
24
24
24
24
24
24
24
25
2
0
25
0
1
2
0
3
0
0
1
6
1
1
1
1
-1
1
1
3
1
1
1
2
25
25
26
27
26
0
1
1
1
1
1
1
-1
1
1
3
1
1
1
2
0
0
1
1
1
1
1
1
-1
1
1
3
1
1
1
2
0
0
1
1
1
1
1
23
28
1
1
3
1
1
1
2
0
0
1
1
1
1
1
23
28
1
1
3
1
1
1
2
0
29
-1
0
0
2
0
1
0
1
22
22
22
22
22
22
22
30
2
0
30
0
1
2
0
3
0
0
1
6
1
1
1
1
-1
1
1
3
1
1
1
2
30
30
31
32
31
23
0
1
1
1
1
1
1
285
1
1
3
1
1
1
2
0
0
1
1
1
1
1
1
285
1
1
3
1
1
1
2
0
0
1
1
1
1
1
40
33
1
1
3
1
1
1
2
0
0
1
1
1
1
1
40
33
1
1
3
1
1
1
2
0
28
34
28
-1
0
0
2
0
1
0
1
35
35
35
35
35
35
35
36
2
0
36
0
1
2
0
3
0
0
1
6
1
1
1
1
-1
1
1
3
1
1
1
2
36
36
37
38
37
0
1
1
1
1
1
1
-1
1
1
3
1
1
1
2
0
0
1
1
1
1
1
1
-1
1
1
3
1
1
1
2
0
0
1
1
1
1
1
34
39
1
1
3
1
1
1
2
0
0
1
1
1
1
1
34
39
1
1
3
1
1
1
2
0
40
-1
0
0
2
0
1
0
1
33
33
33
33
33
33
33
41
2
0
41
0
1
2
0
3
0
0
1
6
1
1
1
1
-1
1
1
3
1
1
1
2
41
41
42
43
42
34
0
1
1
1
1
1
1
278
1
1
3
1
1
1
2
0
0
1
1
1
1
1
1
278
1
1
3
1
1
1
2
0
0
1
1
1
1
1
45
44
1
1
3
1
1
1
2
0
0
1
1
1
1
1
45
44
1
1
3
1
1
1
2
0
39
46
39
-1
0
0
2
0
1
0
1
47
47
47
47
47
47
47
48
2
0
48
0
1
2
0
3
0
0
1
6
1
1
1
1
-1
1
1
3
1
1
1
2
48
48
49
50
49
0
1
1
1
1
1
1
-1
1
1
3
1
1
1
2
0
0
1
1
1
1
1
1
-1
1
1
3
1
1
1
2
0
0
1
1
1
1
1
46
51
1
1
3
1
1
1
2
0
0
1
1
1
1
1
46
51
1
1
3
1
1
1
2
0
45
-1
0
0
2
0
1
0
1
44
44
44
44
44
44
44
52
2
0
52
0
1
2
0
3
0
0
1
6
1
1
1
1
-1
1
1
3
1
1
1
2
52
52
53
54
53
46
0
1
1
1
1
1
1
271
1
1
3
1
1
1
2
0
0
1
1
1
1
1
1
271
1
1
3
1
1
1
2
0
0
1
1
1
1
1
-1
55
1
1
3
1
1
1
2
0
0
1
1
1
1
1
-1
55
1
1
3
1
1
1
2
0
51
56
51
-1
0
0
2
0
1
0
1
57
57
57
57
57
57
57
58
2
0
58
0
1
2
0
3
0
0
1
6
1
1
1
1
-1
1
1
3
1
1
1
2
58
58
59
60
59
0
1
1
1
1
1
1
-1
1
1
3
1
1
1
2
0
0
1
1
1
1
1
1
-1
1
1
3
1
1
1
2
0
0
1
1
1
1
1
56
61
1
1
3
1
1
1
2
0
0
1
1
1
1
1
56
61
1
1
3
1
1
1
2
0
-1
62
0
0
2
0
1
0
1
55
55
55
55
55
55
55
63
2
0
63
0
1
2
0
3
0
0
1
6
1
1
1
1
62
1
1
3
1
1
1
2
63
63
64
65
64
56
61
0
1
1
1
1
1
1
-1
1
1
3
1
1
1
2
0
0
1
1
1
1
1
1
-1
1
1
3
1
1
1
2
0
0
1
1
1
1
1
67
66
1
1
3
1
1
1
2
0
0
1
1
1
1
1
67
66
1
1
3
1
1
1
2
0
-1
-1
0
0
2
0
1
0
1
68
68
68
68
68
68
68
69
2
0
69
69
69
69
69
-1
0
2
0
1
2
0
3
0
0
1
6
1
1
1
1
-1
1
1
3
1
1
1
2
67
67
70
70
0
2
0
1
2
0
3
0
0
1
6
1
1
1
1
-1
1
1
3
1
1
1
2
67
67
71
71
0
1
1
1
1
1
1
-1
1
1
3
1
1
1
2
0
0
1
1
1
1
1
1
-1
1
1
3
1
1
1
2
0
0
1
1
1
1
1
76
72
1
1
3
1
1
1
2
0
0
1
1
1
1
1
76
72
1
1
3
1
1
1
2
0
66
-1
0
0
2
0
1
0
1
73
73
73
73
73
73
73
74
2
0
74
0
1
2
0
3
0
0
1
6
1
1
1
1
-1
1
1
3
1
1
1
2
74
74
70
75
70
76
76
66
0
1
1
1
1
1
1
257
1
1
3
1
1
1
2
0
0
1
1
1
1
1
1
257
1
1
3
1
1
1
2
0
0
1
1
1
1
1
77
78
1
1
3
1
1
1
2
0
0
1
1
1
1
1
77
78
1
1
3
1
1
1
2
0
72
79
72
-1
0
0
2
0
1
0
1
80
80
80
80
80
80
80
81
2
0
81
0
1
2
0
3
0
0
1
6
1
1
1
1
-1
1
1
3
1
1
1
2
81
81
82
83
82
0
1
1
1
1
1
1
-1
1
1
3
1
1
1
2
0
0
1
1
1
1
1
1
-1
1
1
3
1
1
1
2
0
0
1
1
1
1
1
79
84
1
1
3
1
1
1
2
0
0
1
1
1
1
1
79
84
1
1
3
1
1
1
2
0
77
-1
0
0
2
0
1
0
1
78
78
78
78
78
78
78
85
2
0
85
0
1
2
0
3
0
0
1
6
1
1
1
1
-1
1
1
3
1
1
1
2
85
85
86
87
86
79
0
1
1
1
1
1
1
250
1
1
3
1
1
1
2
0
0
1
1
1
1
1
1
250
1
1
3
1
1
1
2
0
0
1
1
1
1
1
-1
88
1
1
3
1
1
1
2
0
0
1
1
1
1
1
-1
88
1
1
3
1
1
1
2
0
84
89
84
-1
0
0
2
0
1
0
1
90
90
90
90
90
90
90
91
2
0
91
0
1
2
0
3
0
0
1
6
1
1
1
1
-1
1
1
3
1
1
1
2
91
91
92
93
92
0
1
1
1
1
1
1
-1
1
1
3
1
1
1
2
0
0
1
1
1
1
1
1
-1
1
1
3
1
1
1
2
0
0
1
1
1
1
1
89
94
1
1
3
1
1
1
2
0
0
1
1
1
1
1
89
94
1
1
3
1
1
1
2
0
-1
-1
0
0
2
0
1
0
1
88
88
88
88
88
88
88
95
2
0
95
0
1
2
0
3
0
0
1
6
1
1
1
1
-1
1
1
3
1
1
1
2
95
95
96
97
96
89
0
1
1
1
1
1
1
243
1
1
3
1
1
1
2
0
0
1
1
1
1
1
1
243
1
1
3
1
1
1
2
0
0
1
1
1
1
1
-1
98
1
1
3
1
1
1
2
0
0
1
1
1
1
1
-1
98
1
1
3
1
1
1
2
0
94
99
94
-1
0
0
2
0
1
0
1
100
100
100
100
100
100
100
101
2
0
101
0
1
2
0
3
0
0
1
6
1
1
1
1
-1
1
1
3
1
1
1
2
101
101
102
103
102
0
1
1
1
1
1
1
-1
1
1
3
1
1
1
2
0
0
1
1
1
1
1
1
-1
1
1
3
1
1
1
2
0
0
1
1
1
1
1
99
104
1
1
3
1
1
1
2
0
0
1
1
1
1
1
99
104
1
1
3
1
1
1
2
0
-1
-1
0
0
2
0
1
0
1
98
98
98
98
98
98
98
105
2
0
105
0
1
2
0
3
0
0
1
6
1
1
1
1
-1
1
1
3
1
1
1
2
105
105
106
107
106
99
0
1
1
1
1
1
1
108
1
1
3
1
1
1
2
0
0
1
1
1
1
1
1
108
1
1
3
1
1
1
2
0
0
1
1
1
1
1
-1
109
1
1
3
1
1
1
2
0
0
1
1
1
1
1
-1
109
1
1
3
1
1
1
2
0
104
110
104
-1
0
0
2
0
1
0
1
111
111
111
111
111
111
111
112
2
0
112
0
1
2
0
3
0
0
1
6
1
1
1
1
-1
1
1
3
1
1
1
2
112
112
113
114
113
0
1
1
1
1
1
1
-1
1
1
3
1
1
1
2
0
0
1
1
1
1
1
1
-1
1
1
3
1
1
1
2
0
0
1
1
1
1
1
110
115
1
1
3
1
1
1
2
0
0
1
1
1
1
1
110
115
1
1
3
1
1
1
2
0
-1
-1
0
0
2
0
1
0
1
109
109
109
109
109
109
109
116
2
0
116
0
1
2
0
3
0
0
1
6
1
1
1
1
-1
1
1
3
1
1
1
2
116
116
117
118
117
110
115
0
1
1
1
1
1
1
-1
1
1
3
1
1
1
2
0
0
1
1
1
1
1
1
-1
1
1
3
1
1
1
2
0
0
1
1
1
1
1
122
119
1
1
3
1
1
1
2
0
0
1
1
1
1
1
122
119
1
1
3
1
1
1
2
0
-1
-1
0
0
2
0
1
0
1
120
120
120
120
120
120
120
121
2
0
121
121
121
121
121
-1
0
2
0
1
2
0
3
0
0
1
6
1
1
1
1
-1
1
1
3
1
1
1
2
122
122
123
123
0
2
0
1
2
0
3
0
0
1
6
1
1
1
1
-1
1
1
3
1
1
1
2
122
122
124
124
0
1
1
1
1
1
1
-1
1
1
3
1
1
1
2
0
0
1
1
1
1
1
1
-1
1
1
3
1
1
1
2
0
0
1
1
1
1
1
129
125
1
1
3
1
1
1
2
0
0
1
1
1
1
1
129
125
1
1
3
1
1
1
2
0
119
-1
0
0
2
0
1
0
1
126
126
126
126
126
126
126
127
2
0
127
0
1
2
0
3
0
0
1
6
1
1
1
1
-1
1
1
3
1
1
1
2
127
127
123
128
123
129
129
119
0
1
1
1
1
1
1
223
1
1
3
1
1
1
2
0
0
1
1
1
1
1
1
223
1
1
3
1
1
1
2
0
0
1
1
1
1
1
-1
130
1
1
3
1
1
1
2
0
0
1
1
1
1
1
-1
130
1
1
3
1
1
1
2
0
125
131
125
-1
0
0
2
0
1
0
1
132
132
132
132
132
132
132
133
2
0
133
0
1
2
0
3
0
0
1
6
1
1
1
1
-1
1
1
3
1
1
1
2
133
133
134
135
134
0
1
1
1
1
1
1
-1
1
1
3
1
1
1
2
0
0
1
1
1
1
1
1
-1
1
1
3
1
1
1
2
0
0
1
1
1
1
1
131
136
1
1
3
1
1
1
2
0
0
1
1
1
1
1
131
136
1
1
3
1
1
1
2
0
-1
-1
0
0
2
0
1
0
1
130
130
130
130
130
130
130
137
2
0
137
0
1
2
0
3
0
0
1
6
1
1
1
1
-1
1
1
3
1
1
1
2
137
137
138
139
138
131
0
1
1
1
1
1
1
216
1
1
3
1
1
1
2
0
0
1
1
1
1
1
1
216
1
1
3
1
1
1
2
0
0
1
1
1
1
1
-1
140
1
1
3
1
1
1
2
0
0
1
1
1
1
1
-1
140
1
1
3
1
1
1
2
0
136
141
136
-1
0
0
2
0
1
0
1
142
142
142
142
142
142
142
143
2
0
143
0
1
2
0
3
0
0
1
6
1
1
1
1
-1
1
1
3
1
1
1
2
143
143
144
145
144
0
1
1
1
1
1
1
-1
1
1
3
1
1
1
2
0
0
1
1
1
1
1
1
-1
1
1
3
1
1
1
2
0
0
1
1
1
1
1
141
146
1
1
3
1
1
1
2
0
0
1
1
1
1
1
141
146
1
1
3
1
1
1
2
0
-1
-1
0
0
2
0
1
0
1
140
140
140
140
140
140
140
147
2
0
147
0
1
2
0
3
0
0
1
6
1
1
1
1
-1
1
1
3
1
1
1
2
147
147
148
149
148
141
0
1
1
1
1
1
1
209
1
1
3
1
1
1
2
0
0
1
1
1
1
1
1
209
1
1
3
1
1
1
2
0
0
1
1
1
1
1
-1
150
1
1
3
1
1
1
2
0
0
1
1
1
1
1
-1
150
1
1
3
1
1
1
2
0
146
151
146
-1
0
0
2
0
1
0
1
152
152
152
152
152
152
152
153
2
0
153
0
1
2
0
3
0
0
1
6
1
1
1
1
-1
1
1
3
1
1
1
2
153
153
154
155
154
0
1
1
1
1
1
1
-1
1
1
3
1
1
1
2
0
0
1
1
1
1
1
1
-1
1
1
3
1
1
1
2
0
0
1
1
1
1
1
151
156
1
1
3
1
1
1
2
0
0
1
1
1
1
1
151
156
1
1
3
1
1
1
2
0
-1
-1
0
0
2
0
1
0
1
150
150
150
150
150
150
150
157
2
0
157
0
1
2
0
3
0
0
1
6
1
1
1
1
-1
1
1
3
1
1
1
2
157
157
158
159
158
151
0
1
1
1
1
1
1
202
1
1
3
1
1
1
2
0
0
1
1
1
1
1
1
202
1
1
3
1
1
1
2
0
0
1
1
1
1
1
-1
160
1
1
3
1
1
1
2
0
0
1
1
1
1
1
-1
160
1
1
3
1
1
1
2
0
156
161
156
-1
0
0
2
0
1
0
1
162
162
162
162
162
162
162
163
2
0
163
0
1
2
0
3
0
0
1
6
1
1
1
1
-1
1
1
3
1
1
1
2
163
163
164
165
164
0
1
1
1
1
1
1
-1
1
1
3
1
1
1
2
0
0
1
1
1
1
1
1
-1
1
1
3
1
1
1
2
0
0
1
1
1
1
1
161
166
1
1
3
1
1
1
2
0
0
1
1
1
1
1
161
166
1
1
3
1
1
1
2
0
-1
-1
0
0
2
0
1
0
1
160
160
160
160
160
160
160
167
2
0
167
0
1
2
0
3
0
0
1
6
1
1
1
1
-1
1
1
3
1
1
1
2
167
167
168
169
168
161
166
0
1
1
1
1
1
1
-1
1
1
3
1
1
1
2
0
0
1
1
1
1
1
1
-1
1
1
3
1
1
1
2
0
0
1
1
1
1
1
173
170
1
1
3
1
1
1
2
0
0
1
1
1
1
1
173
170
1
1
3
1
1
1
2
0
-1
-1
0
0
2
0
1
0
1
171
171
171
171
171
171
171
172
2
0
172
172
172
172
-1
0
1
173
173
170
170
0
0
1
0
1
0
3
2
0
1
6
1
1
1
1
-1
1
1
3
1
1
1
2
0
1
1
1
1
1
1
-1
1
1
3
1
1
1
2
0
174
175
175
176
177
7
7
0
178
178
178
178
178
179
178
178
0
2
179
0
1
1
1
1
1
1
1
1
1
2
1
1
1
1
1
1
1
8
8
2
3
8
180
181
180
182
182
183
2
184
181
185
184
186
186
183
183
185
185
185
0
2
5
2
5
2
5
2
5
2
5
2
5
2
5
2
5
2
5
2
5
2
5
2
5
2
5
2
5
2
5
2
5
2
5
2
5
2
5
2
5
2
5
2
5
2
5
2
5
2
5
2
5
2
5
2
5
2
5
2
5
2
5
2
5
2
5
2
5
2
5
2
5
2
5
2
5
2
5
2
5
2
5
2
5
2
5
2
5
2
5
2
5
2
5
2
5
2
5
2
5
2
5
2
5
2
5
2
5
2
5
2
5
2
5
2
5
2
5
2
5
2
5
2
5
2
5
2
5
2
5
2
5
2
5
2
5
2
5
2
5
2
5
2
5
2
5
2
5
2
5
2
5
2
5
2
5
2
5
2
5
2
5
2
5
2
5
2
5
2
5
2
5
2
5
2
5
2
5
2
5
2
5
2
5
2
5
2
5
2
5
2
5
2
5
2
5
3
0
6
6
6
0
4
2
3
3
3
3
3
3
0
0
0
6
6
4
17
17
24
24
24
9
14
11
0
13
0
5
5
14
14
14
18
12
18
19
12
21
25
25
22
22
23
23
24
24
0
24
24
24
24
24
29
29
0
29
29
29
29
29
29
30
30
0
30
30
30
30
28
28
0
28
28
35
36
40
33
41
41
0
0
1
0
2
3
3
0
184
186
186
4
9
9
0
1
-1
0
-1
185
187
187
188
189
189
11
13
13
13
13
13
13
13
13
13
13
13
13
13
13
13
13
13
13
13
13
13
13
13
13
13
13
13
13
13
13
13
13
13
13
13
13
13
13
13
13
13
13
13
13
13
13
13
13
13
13
13
13
13
13
13
13
13
13
13
13
13
13
13
13
13
13
13
13
13
13
13
13
13
13
13
13
13
13
13
13
13
13
13
13
13
13
13
13
13
13
13
13
13
13
13
13
13
13
-1
0
-1
0
-1
0
-1
8
-1
0
-1
190
190
-1
191
191
-1
0
-1
-1
-1
192
192
-1
193
193
-1
175
-1
0
2
1
0
0
0
1
0
173
174
170
-1
0
-1
173
0
170
0
174
0
176
177
-1
-1
194
194
194
194
194
166
-1
-1
195
195
-1
196
196
195
195
-1
197
197
-1
198
198
198
198
198
169
-1
199
199
164
164
-1
200
200
200
200
200
165
201
156
-1
-1
202
202
-1
203
203
-1
204
204
201
201
-1
205
205
205
205
205
159
-1
206
206
154
154
-1
207
207
207
207
207
155
208
146
-1
-1
209
209
-1
210
210
-1
211
211
208
208
-1
212
212
212
212
212
149
-1
213
213
144
144
-1
214
214
214
214
214
145
215
136
-1
-1
216
216
-1
217
217
-1
218
218
215
215
-1
219
219
219
219
219
139
-1
220
220
134
134
-1
221
221
221
221
221
135
222
125
-1
-1
223
223
-1
224
224
-1
225
225
-1
225
225
222
222
0
1
0
0
3
0
128
-1
226
226
226
226
226
128
128
-1
227
227
0
1
0
0
3
0
228
124
124
-1
228
-1
229
229
229
229
229
115
-1
-1
230
230
-1
231
231
230
230
-1
232
232
-1
233
233
233
233
233
118
-1
234
234
113
113
-1
235
235
235
235
235
114
236
104
-1
-1
108
108
-1
237
237
-1
238
238
236
236
-1
239
239
239
239
239
107
-1
240
240
102
102
-1
241
241
241
241
241
103
242
94
-1
-1
243
243
-1
244
244
-1
245
245
242
242
-1
246
246
246
246
246
97
-1
247
247
92
92
-1
248
248
248
248
248
93
249
84
-1
-1
250
250
-1
251
251
-1
252
252
249
249
-1
253
253
253
253
253
87
-1
254
254
82
82
-1
255
255
255
255
255
83
256
72
-1
-1
257
257
-1
258
258
-1
259
259
-1
259
259
256
256
0
1
0
0
3
0
75
-1
260
260
260
260
260
75
75
-1
261
261
0
1
0
0
3
0
262
71
71
-1
262
-1
263
263
263
263
263
61
-1
-1
264
264
-1
265
265
264
264
-1
266
266
-1
267
267
267
267
267
65
-1
268
268
59
59
-1
269
269
269
269
269
60
270
51
-1
-1
271
271
-1
272
272
-1
273
273
270
270
-1
274
274
274
274
274
54
-1
275
275
49
49
-1
276
276
276
276
276
50
277
39
-1
-1
278
278
-1
279
279
-1
280
280
277
277
-1
281
281
281
281
281
43
-1
282
282
37
37
-1
283
283
283
283
283
38
284
28
-1
-1
285
285
-1
286
286
-1
287
287
284
284
-1
288
288
288
288
288
32
-1
289
289
26
26
-1
290
290
290
290
290
27
291
17
-1
-1
292
292
-1
293
293
-1
294
294
-1
294
294
291
291
-1
295
295
295
295
295
20
20
-1
296
296
297
16
16
-1
298
298
298
298
298
297
-1
299
299
10
10
-1
2
0
1
1
1
1
1
3
0
2
0
1
1
1
1
1
3
0
2
0
1
1
1
1
1
3
0
2
0
1
1
1
1
1
3
0
2
0
1
0
0
1
2
1
1
1
3
2
0
1
1
1
1
1
3
0
2
0
1
1
1
1
1
3
0
2
0
1
0
0
1
2
1
1
1
3
2
0
1
1
1
1
1
3
0
2
0
1
1
1
1
1
3
0
2
0
1
0
0
1
2
1
1
1
3
2
0
1
1
1
1
1
3
0
2
0
1
1
1
1
1
3
0
2
0
1
0
0
1
2
1
1
1
3
2
0
1
1
1
1
1
3
0
2
0
1
1
1
1
1
3
0
2
0
1
0
0
1
2
1
1
1
3
2
0
1
1
1
1
1
3
0
2
0
1
1
1
1
1
3
0
2
0
1
0
0
1
2
1
1
1
3
2
0
1
1
1
1
1
3
0
2
0
1
1
1
1
1
3
0
2
0
1
0
0
1
2
1
1
1
3
2
0
1
1
1
1
1
3
0
2
0
1
1
1
1
1
3
0
2
0
1
0
0
1
2
1
1
1
3
2
0
1
1
1
1
1
3
0
2
0
1
1
1
1
1
3
0
2
0
1
0
0
1
2
1
1
1
3
2
0
1
1
1
1
1
3
0
2
0
1
1
1
1
1
3
0
2
0
1
0
0
1
2
1
1
1
3
2
0
1
1
1
1
1
3
0
2
0
1
1
1
1
1
3
0
2
0
1
1
1
1
1
3
0
2
0
1
0
0
1
2
1
1
1
3
2
0
1
1
1
1
1
3
0
2
0
1
1
1
1
1
3
0
2
0
1
0
0
1
2
1
1
1
3
2
0
1
1
1
1
1
3
0
2
0
1
1
1
1
1
3
0
2
0
1
0
0
1
2
1
1
1
3
2
0
1
1
1
1
1
3
0
2
0
1
1
1
1
1
3
0
2
0
1
0
0
1
2
1
1
1
3
2
0
1
1
1
1
1
3
0
2
0
1
1
1
1
1
3
0
2
0
1
0
0
1
2
1
1
1
3
2
0
1
1
1
1
1
3
0
2
0
1
1
1
1
1
3
0
2
0
1
0
0
1
2
1
1
1
3
2
0
1
1
1
1
1
3
0
2
0
1
1
1
1
1
3
0
2
0
1
0
0
1
2
1
1
1
3
2
0
1
1
1
1
1
3
0
2
0
1
1
1
1
1
3
0
2
0
1
0
0
1
2
1
1
1
3
2
0
1
1
1
1
1
3
0
2
0
1
1
1
1
1
3
0
2
0
1
0
0
1
2
1
1
1
3
2
0
1
1
1
1
1
3
0
2
0
1
1
1
1
1
3
0
2
0
1
0
0
1
2
1
1
1
3
2
0
1
1
1
1
1
3
0
2
0
1
1
1
1
1
3
0
2
0
1
0
0
1
2
1
1
1
3
2
0
1
0
0
1
2
1
1
1
3
2
0
1
1
1
1
1
3
0
2
0
1
1
1
1
1
3
0
2
0
1
0
0
1
2
1
1
1
3
2
0
1
1
1
1
1
3
0
2
0
1
1
1
1
1
3
0
2
0
1
0
0
1
2
1
1
1
3
2
0
1
1
1
1
1
3
0
2
0
1
1
1
1
1
3
0
2
0
1
0
0
1
2
1
1
1
3
2
0
1
1
1
1
1
3
0
2
0
1
1
1
1
1
3
0
2
0
1
0
0
1
2
1
1
1
3
2
0
1
1
1
1
1
3
0
2
0
1
1
1
1
1
3
0
2
0
1
0
0
1
2
1
1
1
3
2
0
1
1
1
1
1
3
0
2
0
1
1
1
1
1
3
0
2
0
1
0
0
1
2
1
1
1
3
2
0
1
1
1
1
1
3
0
2
0
1
1
1
1
1
3
0
2
0
1
0
0
1
2
1
1
1
3
2
0
1
1
1
1
1
3
0
2
0
1
1
1
1
1
3
0
2
0
1
0
0
1
2
1
1
1
3
2
0
1
1
1
1
1
3
0
2
0
1
1
1
1
1
3
0
2
0
1
0
0
1
2
1
1
1
3
2
0
1
1
1
1
1
3
0
2
0
1
1
1
1
1
3
0
2
0
1
1
1
1
1
3
0
2
0
1
1
1
1
1
3
0
0
-1
-1
178
178
180
0
1
1
1
182
183
1
183
1
1
182
1
0
0
1
1
1
183
184
1
1
184
184
1
1
183
1
0
181
181
182
0
2
2
0
3
186
186
0
185
187
187
0
2
3
0
1
0
0
0
2
0
0
1
0
0
0
0
1
0
0
0
3
6
0
0
4
6
0
4
9
11
0
13
0
0
2
3
0
1
0
0
0
2
0
0
1
0
0
0
0
1
0
0
0
3
6
0
0
4
6
0
4
9
11
0
0
187
187
187
4
9
0
2
3
0
0
-1
0
1
9
11
1
0
2
0
0
6
4
0
0
0
0
2
2
2
2
2
2
2
2
2
2
2
2
2
2
2
2
2
2
2
2
2
2
2
2
2
2
2
2
2
2
2
2
2
2
2
2
2
2
2
2
2
2
2
2
2
2
2
2
2
2
2
2
2
2
2
2
2
2
2
2
2
2
2
2
2
2
2
2
2
2
2
2
2
2
2
2
2
2
2
2
2
2
2
2
2
2
2
2
2
2
2
2
2
2
2
2
2
2
2
2
2
2
2
2
2
2
2
2
2
2
2
2
2
2
2
2
2
2
2
2
2
2
2
2
2
2
2
2
2
2
2
2
2
2
2
2
2
2
2
2
2
2
2
2
2
2
2
2
2
2
2
2
2
2
2
2
2
2
2
2
2
2
2
2
2
2
2
2
2
2
2
2
2
2
2
2
2
2
2
2
2
2
2
2
2
2
2
2
2
2
2
2
2
2
2
2
2
2
2
2
2
2
2
2
2
2
2
2
2
2
2
2
2
2
2
2
2
2
2
2
2
2
2
2
2
2
2
2
2
2
2
2
2
2
2
2
2
2
2
2
2
2
2
2
2
2
2
2
2
2
2
2
2
2
2
2
2
2
2
6
4
0
1
1
-1
1
0
0
1
1
1
0
0
1
0
2
2
0
3
188
-1
0
189
0
1
1
1
-1
1
0
0
