353106
349955
169553
204223
204230
58680
138770
134366
1830
107251
107195
2927
2882
104375
104192
104057
104134
199623
103388
103638
103193
103067
3522
102955
99661
38
99131
23
123
40
10
7920
70
5772
7661
7642
2656
21
60
101
72
282
54
11
109
61
2054
2392
2341
551
19
39
20
146
63
12
5747
67
3017
38
32
5357
190
35
25
54
384
359
276
4363
4197
714
3380
3344
3453
3178
590
412
349
169
92
1063
180
493
801
1044
1915
1401
303
298
124
35
9
848
50
358
684
653
493
17
23
17
46
304
267
174
545
387
784
620
444
552
1484
552
1477
1457
417
197
380
514
228
175
145
897
281
66
81
133
45
11
103
57
399
407
399
500
24
36
28
48
336
327
331
2825
2461
511
1841
1676
1591
1398
111
315
282
111
88
1075
109
513
767
744
733
159
266
262
121
37
10
831
61
310
614
610
513
15
25
15
41
216
76
63
174
185
1687
106
60
1435
1321
1479
1486
115
40
9
122
162
367
37
40
131
17
28
16
95
36
8
104
142
140
33
37
56
18
34
23
62
321
268
179
594
440
435
600
285
744
763
757
726
611
273
246
324
304
270
236
240
320
247
310
316
407
257
144
258
293
316
262
210
277
191
406
394
173
48
10
91
69
83
48
38
90
16
25
17
155
41
10
93
54
155
103
43
80
18
27
18
52
372
401
449
1809
1613
475
1019
706
718
460
195
198
351
143
124
654
188
245
172
152
186
100
71
64
302
169
114
646
183
219
432
393
386
148
167
154
153
43
10
269
62
114
46
34
88
17
24
15
131
38
10
355
54
107
195
159
163
16
24
16
42
288
230
208
394
409
696
590
282
638
296
252
288
440
68
63
245
179
216
182
106
244
117
161
136
378
221
95
187
190
384
353
324
204
154
137
114
166
40
9
79
60
79
42
33
80
14
20
14
111
34
8
76
43
238
222
189
130
14
21
13
37
289
273
227
2154
1946
460
1550
1286
1291
1110
255
269
376
128
89
764
153
341
145
131
397
42
47
50
276
165
115
945
258
492
778
740
578
160
205
215
138
41
10
341
60
93
37
33
148
13
20
12
109
30
8
473
46
168
319
287
282
17
24
16
43
206
412
324
377
294
505
296
398
592
451
667
652
796
877
909
661
691
831
685
686
883
864
926
859
1034
1071
854
945
807
469
1038
326
1084
1070
1627
1622
1618
1243
10
1317
58
1901
191921
1548
1881
1761
1882
42
2035
2638
329
2914
2991
254
2096
3599
3559
3861
2762
4036
4131
4353
4419
106
4680
192
5080
196181
5053
5452
127
55
42
5806
5855
61
5713
5105
249
5259
5315
144
54
33
29
25
37
269
184
160
417
266
849
680
157
281
211
57
144
3958
3804
3601
254
4041
4345
3902
4072
3941
4062
3969
4105
3898
3834
3587
3939
3687
3945
4076
3876
3057
3126
3727
4150
3867
4886
7213
6916
7154
7363
2380
1725
2606
1111
4506
660
4622
7453
4434
8329
7217
5386
1919
2706
11
4365
1522
15
807
2505
524
2661
129
2662
10
28
522
2551
13
321
0
14
10
4657
15
0
0
15
607
171
0
674
36
2700
4
3962
3046
10
29
3006
13
17
0
14
0
15
14
0
0
14
15
179
0
38
3423
0
3282
3591
180
206
863
2305
1898
715
1534
1787
1473
300
429
0
238
0
313
116
60
0
103
63
496
73
634
835
110
101
2150
1777
973
217
2047
83
96
1933
54
56
0
59
0
29
31
0
0
30
37
351
0
51
2080
193
3145
2294
8
78
2126
25
48
0
20
0
60
30
0
0
16
22
355
0
98
1136
0
1024
1715
0
249
791
43
130
606
130
114
0
167
11
75
84
0
0
67
100
446
0
85
933
246
1183
725
32
107
586
59
61
0
68
0
38
56
0
0
79
48
511
0
62
1186
99
1401
1040
4
36
957
14
21
0
17
0
16
16
0
0
14
16
217
0
45
1493
5
1687
1412
4
34
1324
15
21
0
18
0
25
29
0
0
20
16
226
0
44
1750
0
1644
1739
0
402
1992
35
231
1657
118
119
0
136
0
55
62
0
0
65
79
700
0
146
4328
225
4559
4207
22
87
4089
51
50
0
54
0
32
29
0
0
30
36
380
0
64
5313
91
5564
5279
34
88
5154
48
49
0
55
0
29
33
0
0
27
36
336
0
51
6344
82
6553
6236
3
26
6139
14
14
0
17
0
17
13
0
0
14
14
195
0
39
6765
7
7016
6754
7
25
6692
13
14
0
17
0
14
13
0
0
13
15
153
0
37
7352
0
7268
7412
0
641
7666
54
378
7227
129
131
0
132
0
59
61
0
0
60
81
678
0
147
9753
316
9848
9418
28
86
9303
53
54
0
57
0
28
29
0
0
27
36
375
0
69
10088
36
10225
10153
26
89
10012
55
53
0
57
0
49
50
0
0
51
35
408
0
51
10619
25
10790
10514
4
31
10434
12
15
0
12
0
13
13
0
0
16
13
187
0
32
10866
7
11111
10875
4
33
10799
12
17
0
15
0
13
14
0
0
13
13
156
0
44
11286
0
11203
11354
0
434
11687
62
250
11385
121
118
0
134
0
58
60
0
0
63
88
698
0
159
13909
295
14114
13751
26
93
13619
52
52
0
55
0
26
28
0
0
31
38
386
0
69
14477
18
14703
14422
26
85
14293
50
52
0
56
0
26
32
0
0
30
36
351
0
51
15104
13
15346
15088
4
31
14997
20
42
0
15
0
25
21
0
0
29
20
265
0
38
15158
5
15359
15083
3
27
15007
12
15
0
19
0
12
14
0
0
13
13
161
0
39
15606
0
15517
15651
0
404
15917
36
211
15657
116
120
0
136
0
62
63
0
0
60
82
696
0
147
17873
301
17970
17648
12
88
17542
50
52
0
56
0
30
31
0
0
28
36
444
0
86
17610
19
17710
17574
24
87
17445
53
58
0
76
0
29
29
0
0
32
39
368
0
53
17647
22
17765
17575
3
30
17465
12
15
0
15
0
14
18
0
0
14
14
186
0
41
17554
4
17719
17638
5
30
17565
12
14
0
15
0
18
16
0
0
13
13
161
0
39
17655
0
17582
17671
0
186
18026
24
90
17885
49
54
0
59
18
27
40
0
0
32
43
332
0
50
22482
408
23050
22369
3
33
22283
15
16
0
15
0
12
13
0
0
16
15
163
0
31
22704
5
22884
22855
4
29
22770
11
16
0
14
0
14
15
0
0
16
15
162
0
46
23219
0
23063
22997
0
407
24027
45
211
23741
124
125
0
152
0
58
60
0
0
60
80
741
0
144
26350
236
26301
26480
20
90
26338
54
58
0
61
0
31
31
0
0
33
35
318
0
81
27169
110
27137
27098
3
29
27023
13
15
0
14
0
18
17
0
0
13
14
157
0
41
27765
0
27669
27662
0
407
28654
38
223
28384
127
127
0
142
0
57
62
0
0
64
97
615
0
147
30786
214
30709
30820
14
94
30666
54
55
0
59
0
31
32
0
0
31
37
306
0
51
31581
96
31613
31654
4
31
31570
13
15
0
16
0
17
14
0
0
13
14
155
0
40
31967
0
31874
31867
0
412
32819
37
226
32533
126
126
0
210
12
60
65
0
0
66
111
600
0
146
34286
171
34288
34385
18
94
34238
57
57
0
61
0
31
34
0
0
31
36
309
0
51
35039
83
35063
35048
4
27
34944
19
17
0
14
0
14
13
0
0
14
15
158
0
36
35211
27
35139
0
110
37963
4
33
37885
13
15
0
17
18
22
0
0
15
14
157
0
39
45520
4
45711
46451
4
31
46346
11
20
0
14
14
14
0
0
13
18
157
0
65
48863
27
26
100
53246
4
29
53174
13
15
0
16
0
13
14
0
0
14
14
151
0
32
63363
4
63404
66421
4
30
66297
12
20
0
14
15
15
0
0
12
17
160
0
38
71553
5
71564
74731
4
31
74689
17
15
0
14
13
14
0
0
17
15
73
0
14
11
0
5
0
0
4
0
0
0
0
0
0
0
0
0
0
0
0
0
0
0
0
0
0
0
0
0
0
0
0
0
0
0
0
0
321
18
0
