296265
296058
143946
150787
150586
29630
120051
120044
2104
51683
51657
3289
3278
51783
51926
77063
51988
149443
76940
51932
51860
51918
7902
51916
51989
21
52017
17
87
33
10
12650
12548
12524
13866
13852
13841
15
18
12
43
78
25
7
16400
16325
16305
16629
16627
16630
15
13
11
83
25
7
20236
20166
20146
20458
20436
20426
14
12
11
30
254
147
152
22585
22660
22495
22433
22327
22249
22150
82
49
247
81
56
23010
22866
22780
22751
22658
22625
47
26
22
79
31
7
23370
23269
23246
23184
23182
23176
14
12
11
35
239
129
143
24416
24418
24208
24159
23980
23869
23740
54
47
174
54
52
24722
24584
24505
24533
24422
24394
46
26
31
103
26
7
25253
25170
25138
25045
25029
25018
15
13
14
49
367
187
181
26279
26137
25904
25832
25620
25512
25406
92
48
163
66
77
26464
26293
26173
26158
26030
26007
48
27
34
74
24
7
26663
26538
26516
26655
26577
26561
15
12
11
31
173
45
53
28911
28792
28729
28848
28772
28751
80
37
34
96
26
6
29092
28994
28973
28967
28915
28912
12
13
10
72
24
7
29201
29119
29099
29078
29001
28992
11
13
10
24
231
144
126
30092
30131
29841
29822
29607
29468
29392
73
46
239
69
48
29610
29483
29357
29275
29216
29194
46
25
24
203
57
61
29768
29619
29520
29470
29390
29354
59
55
29
116
30
8
29305
29193
29172
29082
29069
29064
14
12
10
107
29
7
29205
29132
29105
28994
28973
28961
19
13
10
30
288
163
153
30163
30144
29747
29667
29516
29423
29345
115
63
285
69
49
29738
29607
29486
29381
29327
29306
44
25
23
200
57
49
29902
29797
29667
29552
29496
29476
66
27
22
128
29
7
29731
29640
29599
29523
29497
29476
20
15
11
125
32
7
29724
29592
29567
29492
29478
29461
14
12
10
30
236
129
128
30609
30589
30332
30300
30099
30030
29928
74
47
226
59
50
30636
30524
30458
30367
30300
30276
45
24
24
240
75
60
30796
30665
30590
30508
30451
30430
45
25
23
101
27
7
30620
30550
30523
30522
30504
30486
21
24
30
140
42
9
30535
30438
30414
30373
30360
30351
13
12
12
47
317
163
194
31558
31506
30929
30759
30327
30284
30215
73
47
235
65
51
30967
30788
30556
30370
30302
30280
45
25
29
202
58
49
31001
30889
30699
30513
30435
30419
48
26
30
103
28
7
30620
30431
30408
30277
30261
30250
14
12
11
96
27
8
30563
30413
30391
30182
30164
30143
21
21
16
49
310
198
170
30822
30468
30214
30041
29584
29432
29324
29261
119
268
160
300
29850
29550
29445
29364
29190
28930
28818
28697
277
133
70
28740
28546
1314
28441
28874
28873
28705
28796
28686
1334
1149
901
35
28046
27890
27858
140981
27687
27547
1004
1429
15
1473
2218
169
1842
29580
27683
28844
29922
28390
26274
27714
27491
494
309
171
126
27542
27137
27377
144943
26698
26459
89
49
40
851
778
56
26896
26166
25947
25834
25780
25753
49
30
28
18
30
245
139
165
26961
26753
26502
26428
26280
26127
26027
58
53
3604
3453
3435
26528
26326
28448
28439
28184
28232
28163
3850
3851
3970
3586
3671
25941
25795
27433
25530
27277
27262
3046
3694
3920
4131
4129
30937
31185
30880
31911
26854
26262
25798
978
25716
25739
4671
31067
4624
31506
30814
29220
1900
26715
10
28361
1355
16
902
26765
509
26648
138
26442
16
31
504
26301
13
271
0
14
7
27912
11
0
0
11
400
147
0
593
31
27335
6
28270
27158
5
26
27092
14
17
0
13
0
12
15
0
0
14
14
166
0
42
27476
0
27376
27831
86
64
464
27480
27112
629
26815
27091
26811
118
177
0
148
0
182
105
59
0
92
56
397
67
312
743
111
111
28422
27881
1053
192
28144
41
87
27993
52
57
0
56
0
27
31
0
0
30
40
326
0
53
28436
603
29456
28276
8
30
28211
12
18
0
15
0
14
14
0
0
12
19
186
0
45
28226
0
28146
28784
0
193
28129
51
87
28024
56
56
0
56
14
134
57
0
0
39
36
364
0
82
28219
232
28488
28009
46
94
27911
54
58
0
63
0
26
29
0
0
32
42
372
0
53
28898
33
29071
28733
6
32
28675
13
15
0
15
0
15
18
0
0
13
14
198
0
39
29295
5
29542
29222
4
31
29107
14
17
0
16
0
20
17
0
0
14
15
183
0
41
29705
0
29527
29684
0
412
30024
48
224
29748
308
282
0
233
0
169
62
0
0
78
186
759
0
147
31445
323
31469
31266
101
99
31139
55
112
0
229
0
38
41
0
0
35
39
446
0
75
31943
200
32112
31846
9
92
31692
54
54
0
64
0
26
34
0
0
31
37
373
0
51
32657
121
32807
32477
9
31
32381
17
17
0
15
0
14
14
0
0
16
16
238
0
34
32817
5
33078
32832
5
31
32723
13
17
0
16
0
20
17
0
0
14
15
173
0
43
33301
0
33210
33372
0
431
33698
59
220
33427
131
129
0
133
0
59
62
0
0
62
84
728
0
151
35806
314
35872
35642
11
94
35512
55
56
0
61
0
31
34
0
0
30
37
401
0
67
36164
102
36326
35998
45
216
35658
190
157
0
108
0
57
57
0
0
53
92
722
0
85
35151
22
35263
34805
4
96
34435
59
44
0
49
0
52
40
0
0
61
50
447
0
69
34085
5
34295
33975
7
44
33851
22
25
0
30
0
28
28
0
0
22
23
279
0
65
34030
0
33877
33998
0
650
34099
57
341
33687
199
199
0
427
0
145
190
0
0
207
132
1595
0
480
33612
308
33664
33351
24
167
33060
161
152
0
92
0
41
45
0
0
43
93
609
0
107
33140
138
33235
33033
35
132
32825
139
127
0
87
0
46
47
0
0
49
54
560
0
112
32850
16
33022
32766
5
47
32646
24
23
0
22
0
19
19
0
0
24
22
324
0
47
32808
6
33027
32692
3
47
32535
19
29
0
23
0
28
21
0
0
20
26
247
0
57
32731
0
32593
32730
0
598
32982
47
311
32591
178
184
0
220
0
89
92
0
0
91
119
1031
0
229
33746
221
33736
33317
30
137
33099
76
81
0
87
0
41
44
0
0
45
59
595
0
130
32927
29
33036
32747
34
228
32415
74
74
0
79
0
46
46
0
0
39
52
509
0
73
32403
29
32533
32386
6
37
32283
19
22
0
27
0
18
38
0
0
37
19
326
0
46
31951
5
32123
31943
3
43
31806
16
28
0
22
0
19
21
0
0
20
23
255
0
77
31785
0
31684
31771
0
270
31945
20
122
31748
77
78
0
123
7
37
38
0
0
39
84
494
0
62
35718
490
36286
35568
4
42
35462
17
26
0
21
0
21
29
0
0
18
20
225
0
53
35691
5
35854
35798
4
42
35641
18
21
0
20
0
25
25
0
0
20
20
231
0
68
35972
0
35847
35823
0
563
36701
52
301
36353
178
178
0
263
0
167
83
0
0
88
117
883
0
231
38178
122
38129
38044
19
141
37792
73
77
0
83
0
36
38
0
0
42
53
431
0
74
38590
22
38627
38401
4
62
38224
17
24
0
20
0
24
23
0
0
18
19
215
0
59
38915
0
38740
38669
0
534
39422
45
281
39071
178
179
0
191
0
84
82
0
0
84
111
816
0
199
40981
210
40946
40915
34
121
40681
76
77
0
79
0
41
40
0
0
43
50
402
0
71
41330
28
41362
41243
3
35
41138
18
21
0
26
0
23
17
0
0
18
19
213
0
56
41593
0
41353
41276
0
565
41952
57
295
41555
175
177
0
195
6
132
86
0
0
85
109
855
0
210
42677
198
42632
42545
27
121
42312
71
77
0
75
0
35
41
0
0
41
47
403
0
68
42888
18
42976
42833
9
35
42720
18
21
0
23
0
23
17
0
0
18
19
205
0
54
43711
26
43581
0
103
45608
4
40
45509
17
22
0
18
18
17
0
0
17
24
207
0
51
53450
6
53641
53948
4
32
53830
17
21
0
23
17
16
0
0
22
18
206
0
79
56851
34
29
99
60464
5
36
60371
20
23
0
17
0
18
18
0
0
17
19
183
0
48
71786
4
71751
73441
4
33
73280
16
23
0
22
16
16
0
0
23
18
213
0
40
79791
4
79738
81557
18
39
84084
17
27
0
18
24
20
0
0
20
18
98
0
23
11
0
7
0
0
5
0
0
0
0
0
0
0
0
0
0
0
0
0
0
0
0
0
0
0
0
0
0
0
0
0
0
0
0
0
582
16
0
